GA			
	Best	Mean	Worst
score	0.97	0.95	0.85
time	36.58	37.24	38.28
			
best position	array([0.06607474, 0.34371487, 0.47519878, 0.25539088])		
array([[50,  0,  0],
       [ 0, 50,  0],
       [ 0,  5, 45]])

			
PSO			
	Best	Mean	Worst
score	0.98	0.94	0.68
time	21.17	25.84	42.81

positions			
array([[0.        , 0.22114191, 0.43066189, 0.27860539],			
       [0.        , 0.26349333, 0.42713405, 0.27201985]])			
			
array([[50,  0,  0],
       [ 0, 50,  0],
       [ 0,  3, 47]])


Baseline
baseline 	0.86		
array([[50,  0,  0],
       [ 5, 30, 15],
       [ 0,  1, 49]])