
ARRHYTHMIA

           precision    recall  f1-score   support

           1     0.6610    0.8667    0.7500        45
           2     0.5556    0.6250    0.5882         8
           3     1.0000    1.0000    1.0000         2
           4     1.0000    0.3333    0.5000         6
           5     0.5000    0.2500    0.3333         4
           6     0.3333    0.1250    0.1818         8
           8     0.0000    0.0000    0.0000         1
           9     1.0000    0.5000    0.6667         2
          10     0.8182    0.9000    0.8571        10
          15     0.0000    0.0000    0.0000         2
          16     0.0000    0.0000    0.0000         3

    accuracy                         0.6593        91
   macro avg     0.5335    0.4182    0.4434        91
weighted avg     0.6268    0.6593    0.6170        91

IONOSPHERE

              precision    recall  f1-score   support

           0     0.8511    0.9756    0.9091        41
           1     0.9583    0.7667    0.8519        30

    accuracy                         0.8873        71
   macro avg     0.9047    0.8711    0.8805        71
weighted avg     0.8964    0.8873    0.8849        71


WINE

precision    recall  f1-score   support

           1     1.0000    1.0000    1.0000        11
           2     1.0000    0.9333    0.9655        15
           3     0.9091    1.0000    0.9524        10

    accuracy                         0.9722        36
   macro avg     0.9697    0.9778    0.9726        36
weighted avg     0.9747    0.9722    0.9724        36
