Wine

NN
[[11  0  0]
 [ 0 14  1]
 [ 1  0  9]]
              precision    recall  f1-score   support

           1     0.9167    1.0000    0.9565        11
           2     1.0000    0.9333    0.9655        15
           3     0.9000    0.9000    0.9000        10

    accuracy                         0.9444        36
   macro avg     0.9389    0.9444    0.9407        36
weighted avg     0.9468    0.9444    0.9446        36

ELM

[[11  0  0]
 [ 0 14  1]
 [ 0  0 10]]
              precision    recall  f1-score   support

           1     1.0000    1.0000    1.0000        11
           2     1.0000    0.9333    0.9655        15
           3     0.9091    1.0000    0.9524        10

    accuracy                         0.9722        36
   macro avg     0.9697    0.9778    0.9726        36
weighted avg     0.9747    0.9722    0.9724        36


NN

Ionosphere

[[41  0]
 [ 7 23]]
              precision    recall  f1-score   support

           0     0.8542    1.0000    0.9213        41
           1     1.0000    0.7667    0.8679        30

    accuracy                         0.9014        71
   macro avg     0.9271    0.8833    0.8946        71
weighted avg     0.9158    0.9014    0.8988        71


Arritm
NN
      precision    recall  f1-score   support

           1     0.6909    0.8444    0.7600        45
           2     0.5000    0.6250    0.5556         8
           3     0.6667    1.0000    0.8000         2
           4     0.7500    1.0000    0.8571         6
           5     0.0000    0.0000    0.0000         4
           6     0.0000    0.0000    0.0000         8
           8     0.0000    0.0000    0.0000         1
           9     1.0000    0.5000    0.6667         2
          10     0.7500    0.6000    0.6667        10
          15     0.0000    0.0000    0.0000         2
          16     0.0000    0.0000    0.0000         3

    accuracy                         0.6374        91
   macro avg     0.3961    0.4154    0.3915        91
weighted avg     0.5541    0.6374    0.5867        91


ELM
              precision    recall  f1-score   support

           1     0.6232    0.9556    0.7544        45
           2     0.3750    0.3750    0.3750         8
           3     0.6667    1.0000    0.8000         2
           4     1.0000    0.1667    0.2857         6
           5     0.0000    0.0000    0.0000         4
           6     0.0000    0.0000    0.0000         8
           8     0.0000    0.0000    0.0000         1
           9     0.0000    0.0000    0.0000         2
          10     0.8889    0.8000    0.8421        10
          15     0.0000    0.0000    0.0000         2
          16     0.0000    0.0000    0.0000         3

    accuracy                         0.6264        91
   macro avg     0.3231    0.2997    0.2779        91
weighted avg     0.5194    0.6264    0.5350        91
